393 45
393 63
393 79
393 97
393 115
393 133
393 148
393 166
393 184
393 200
393 219
393 236
393 263
393 292
411 310
421 329
415 353
367 362
336 362
313 387
301 399
280 422
267 459
248 480
240 490
230 498
220 508
210 515
109 342
122 342
140 342
165 330
192 330
219 330
245 330
278 330
303 330
336 330
387 330
423 330
454 330
486 338
494 346
517 369
532 383
547 399
560 414
582 419
606 419
629 419
651 419
674 419
686 431
686 447
686 462
686 478
686 493
686 508
247 480
279 480
288 460
281 443
281 400
275 374
275 350
275 329
275 293
302 263
337 263
369 263
394 263
431 263
443 241
443 232
443 212
443 197
443 184
443 169
448 156
448 140
448 128
448 113
448 102
448 86
448 73
448 58
448 46
276 398
276 374
276 350
276 331
276 294
302 262
337 262
369 262
394 262
432 262
453 262
479 262
505 262
519 287
519 328
519 368
519 402
493 430
475 430
454 430
434 430
384 430
367 430
340 430
320 430
281 422
210 516
210 529
210 540
205 551
205 563
205 575
205 586
190 593
166 593
142 593
117 593
614 129
614 141
614 158
614 175
614 191
614 205
614 221
596 253
596 267
596 283
596 290
584 301
573 313
564 325
553 334
541 345
517 370
496 401
496 430
484 441
476 449
470 471
470 490
470 508
459 514
438 514
416 514
398 514
583 392
561 413
541 431
531 442
518 456
472 471
453 471
434 471
412 471
386 471
337 461
337 430
337 398
337 362
337 330
337 316
337 293
337 264
337 250
337 235
337 219
337 203
337 187
337 173
327 156
305 146
269 146
239 128
239 113
239 96
239 78
239 63
239 44
386 626
386 609
386 589
386 572
386 553
386 537
399 517
415 502
435 491
435 471
435 450
435 430
435 396
435 377
435 348
423 329
423 294
423 249
432 240
444 231
460 231
483 231
505 231
520 225
532 215
542 204
547 195
547 182
547 169
547 155
685 301
668 301
649 301
639 301
628 313
616 324
605 333
595 345
581 358
549 368
519 368
494 368
461 386
436 397
405 397
383 397
367 397
338 397
302 397
277 397
261 413
237 425
209 425
181 425
153 425
132 438
119 452
106 464
93 476
76 503
76 530
76 551
63 562
53 572
39 584
512 145
512 155
512 171
512 185
512 198
504 210
493 220
483 231
468 244
454 266
454 283
454 299
454 328
454 351
435 377
393 377
367 362
317 376
303 376
278 376
263 364
252 353
240 345
221 345
203 345
172 345
140 345
122 345
512 145
512 155
512 171
512 185
512 198
504 210
493 220
483 231
468 244
454 266
454 283
454 299
454 328
454 351
435 377
393 377
367 362
317 376
303 376
278 376
263 364
252 353
240 345
221 345
201 359
191 369
161 374
626 540
601 540
575 540
538 540
504 540
468 540
432 540
401 517
344 503
328 486
302 462
302 448
302 400
302 375
302 329
302 293
302 263
288 246
274 235
261 221
247 207
220 193
189 180
179 172
166 159
141 134
130 123
130 99
130 74
130 45
573 538
538 538
502 538
468 538
434 538
399 515
346 504
326 485
302 459
302 450
302 399
302 374
302 329
302 293
302 265
288 249
273 234
262 222
246 209
221 195
190 183
178 172
167 159
144 138
130 125
110 125
99 133
91 141
83 152
75 152
57 152
41 152
641 300
641 283
641 263
622 252
601 252
586 252
569 252
553 252
535 252
519 252
511 258
511 265
489 279
477 292
455 300
424 292
393 292
381 329
366 363
366 398
366 428
335 461
302 461
288 461
269 461
241 461
216 461
207 466
198 474
173 489
156 489
140 489
126 278
155 278
182 278
209 278
217 285
246 294
276 294
302 294
320 294
335 294
362 294
391 294
391 308
391 325
391 347
391 376
405 396
405 414
405 451
561 415
574 499
574 539
574 571
574 606
574 639
590 673
613 673
634 673
648 673
660 689
671 702
682 713
122 342
99 342
89 342
77 353
67 363
67 371
67 382
67 397
67 408
67 424
67 437
58 444
39 444
